139 0 0
0 139 0
0 205 0
0 255 0
0 0 139
0 139 139
0 205 139
0 255 139
0 0 205
0 139 205
0 205 205
0 255 205
0 0 255
0 139 255
0 205 255
0  255
139 0 0
139 139 0
139 205 0
139 255 0
139 0 139
139 139 139
139 205 139
139 255 139
139 0 205
139 139 205
139 205 205
139 255 205
139 0 255
139 139 255
139 205 255
139 255 255
205 0 0
205 139 0
205 205 0
205 255 0
205 0 139
205 139 139
205 205 139
205 255 139
205 0 205
205 139 205
205 205 205
205 255 205
205 0 255
205 139 255
205 205 255
205 255 255
255 0 0
255 139 0
255 205 0
255 255 0
255 0 139
255 139 139
255 205 139
255 255 139
255 0 205
255 139 205
255 205 205
255 255 205
255 0 255
255 139 255
255 205 255
255 255 255
46 46 46
162 162 162
92 92 92
185 185 185
115 115 115
208 208 208
139 139 139
231 231 231
